2025-12-10 22:12:57,738 | INFO | BotTrainer | name        | s_normalize | s_total_pro | s_win_rate  | s_num_trade | s_max_drawd | s_max_winni | p_fast_peri | p_slow_peri | p_buffer_si | p_slope_thr | p_tp_pct    | p_sl_pct    | p_warmup_co
2025-12-10 22:12:57,738 | INFO | BotTrainer | -------------------------------------------------------------------------------------------------------------------------------------------------------------------------------------------------
2025-12-10 22:12:57,738 | INFO | BotTrainer | Bot_31      | 0.53        | 77.35       | 0.54        | 110.00      | 9.38        | 11.00       | 14.00       | 150.00      | 2.00        | 0.00        | 1.00        | 1.00        | 150.00     
2025-12-10 22:12:57,738 | INFO | BotTrainer | Bot_42      | 0.52        | -67.73      | 0.48        | 90.00       | 23.51       | 12.00       | 21.00       | 75.00       | 2.00        | 0.00        | 1.50        | 1.50        | 75.00      
2025-12-10 22:12:57,739 | INFO | BotTrainer | Bot_16      | 0.50        | -34.83      | 0.49        | 109.00      | 17.88       | 11.00       | 8.00        | 200.00      | 2.00        | 0.00        | 1.00        | 1.00        | 200.00     
2025-12-10 22:12:57,739 | INFO | BotTrainer | Bot_27      | 0.50        | -68.36      | 0.48        | 96.00       | 22.41       | 11.00       | 14.00       | 75.00       | 2.00        | 0.00        | 1.50        | 1.50        | 75.00      
2025-12-10 22:12:57,739 | INFO | BotTrainer | Bot_40      | 0.47        | 33.97       | 0.52        | 132.00      | 12.45       | 9.00        | 21.00       | 75.00       | 2.00        | 0.00        | 1.00        | 1.00        | 75.00      
2025-12-10 22:12:57,739 | INFO | BotTrainer | Bot_12      | 0.46        | -108.85     | 0.46        | 91.00       | 26.95       | 10.00       | 8.00        | 100.00      | 2.00        | 0.00        | 1.50        | 1.50        | 100.00     
2025-12-10 22:12:57,740 | INFO | BotTrainer | Bot_37      | 0.46        | 129.70      | 0.54        | 161.00      | 9.83        | 8.00        | 21.00       | 50.00       | 2.00        | 0.00        | 1.00        | 1.00        | 50.00      
2025-12-10 22:12:57,740 | INFO | BotTrainer | Bot_43      | 0.46        | -35.41      | 0.49        | 121.00      | 15.37       | 9.00        | 21.00       | 100.00      | 2.00        | 0.00        | 1.00        | 1.00        | 100.00     
2025-12-10 22:12:57,740 | INFO | BotTrainer | Bot_54      | 0.46        | 21.22       | 0.51        | 80.00       | 13.32       | 9.00        | 50.00       | 75.00       | 2.00        | 0.00        | 1.50        | 1.50        | 75.00      
2025-12-10 22:12:57,741 | INFO | BotTrainer | Bot_48      | 0.45        | -120.64     | 0.45        | 76.00       | 25.73       | 10.00       | 21.00       | 150.00      | 2.00        | 0.00        | 1.50        | 1.50        | 150.00     
2025-12-10 22:12:57,741 | INFO | BotTrainer | Bot_45      | 0.44        | 52.33       | 0.53        | 80.00       | 10.88       | 8.00        | 21.00       | 100.00      | 2.00        | 0.00        | 1.50        | 1.50        | 100.00     
2025-12-10 22:12:57,741 | INFO | BotTrainer | Bot_30      | 0.42        | -67.31      | 0.48        | 86.00       | 17.42       | 8.00        | 14.00       | 100.00      | 2.00        | 0.00        | 1.50        | 1.50        | 100.00     
2025-12-10 22:12:57,741 | INFO | BotTrainer | Bot_1       | 0.42        | 255.72      | 0.55        | 246.00      | 9.28        | 6.00        | 8.00        | 21.00       | 2.00        | 0.00        | 1.00        | 1.00        | 21.00      
2025-12-10 22:12:57,742 | INFO | BotTrainer | Bot_33      | 0.41        | -94.06      | 0.46        | 78.00       | 22.25       | 8.00        | 14.00       | 150.00      | 2.00        | 0.00        | 1.50        | 1.50        | 150.00     
2025-12-10 22:12:57,742 | INFO | BotTrainer | Bot_15      | 0.41        | -107.85     | 0.46        | 81.00       | 24.57       | 8.00        | 8.00        | 150.00      | 2.00        | 0.00        | 1.50        | 1.50        | 150.00     
2025-12-10 22:12:57,742 | INFO | BotTrainer | Bot_57      | 0.41        | -121.03     | 0.45        | 80.00       | 24.61       | 8.00        | 50.00       | 100.00      | 2.00        | 0.00        | 1.50        | 1.50        | 100.00     
2025-12-10 22:12:57,742 | INFO | BotTrainer | Bot_7       | 0.40        | -93.22      | 0.47        | 157.00      | 14.59       | 7.00        | 8.00        | 75.00       | 2.00        | 0.00        | 1.00        | 1.00        | 75.00      
2025-12-10 22:12:57,743 | INFO | BotTrainer | Bot_9       | 0.40        | -211.23     | 0.43        | 109.00      | 32.50       | 8.00        | 8.00        | 75.00       | 2.00        | 0.00        | 1.50        | 1.50        | 75.00      
2025-12-10 22:12:57,743 | INFO | BotTrainer | Bot_24      | 0.39        | -137.33     | 0.46        | 113.00      | 24.89       | 7.00        | 14.00       | 50.00       | 2.00        | 0.00        | 1.50        | 1.50        | 50.00      
2025-12-10 22:12:57,743 | INFO | BotTrainer | Bot_4       | 0.39        | 31.59       | 0.51        | 178.00      | 14.93       | 6.00        | 8.00        | 50.00       | 2.00        | 0.00        | 1.00        | 1.00        | 50.00      
2025-12-10 22:12:57,743 | INFO | BotTrainer | Bot_28      | 0.38        | -55.17      | 0.48        | 135.00      | 15.13       | 6.00        | 14.00       | 100.00      | 2.00        | 0.00        | 1.00        | 1.00        | 100.00     
2025-12-10 22:12:57,744 | INFO | BotTrainer | Bot_19      | 0.38        | -77.67      | 0.48        | 217.00      | 16.98       | 6.00        | 14.00       | 21.00       | 2.00        | 0.00        | 1.00        | 1.00        | 21.00      
2025-12-10 22:12:57,744 | INFO | BotTrainer | Bot_39      | 0.38        | -222.71     | 0.42        | 106.00      | 31.45       | 7.00        | 21.00       | 50.00       | 2.00        | 0.00        | 1.50        | 1.50        | 50.00      
2025-12-10 22:12:57,744 | INFO | BotTrainer | Bot_13      | 0.37        | 34.69       | 0.52        | 118.00      | 9.02        | 5.00        | 8.00        | 150.00      | 2.00        | 0.00        | 1.00        | 1.00        | 150.00     
2025-12-10 22:12:57,744 | INFO | BotTrainer | Bot_25      | 0.37        | -128.43     | 0.46        | 149.00      | 21.55       | 6.00        | 14.00       | 75.00       | 2.00        | 0.00        | 1.00        | 1.00        | 75.00      
2025-12-10 22:12:57,745 | INFO | BotTrainer | Bot_52      | 0.36        | -44.77      | 0.48        | 116.00      | 11.55       | 5.00        | 50.00       | 75.00       | 2.00        | 0.00        | 1.00        | 1.00        | 75.00      
2025-12-10 22:12:57,745 | INFO | BotTrainer | Bot_58      | 0.36        | -53.28      | 0.47        | 95.00       | 11.78       | 5.00        | 50.00       | 150.00      | 2.00        | 0.00        | 1.00        | 1.00        | 150.00     
2025-12-10 22:12:57,745 | INFO | BotTrainer | Bot_22      | 0.35        | -94.03      | 0.47        | 175.00      | 15.91       | 5.00        | 14.00       | 50.00       | 2.00        | 0.00        | 1.00        | 1.00        | 50.00      
2025-12-10 22:12:57,746 | INFO | BotTrainer | Bot_34      | 0.35        | -43.62      | 0.48        | 92.00       | 14.40       | 5.00        | 14.00       | 200.00      | 2.00        | 0.00        | 1.00        | 1.00        | 200.00     
2025-12-10 22:12:57,746 | INFO | BotTrainer | Bot_61      | 0.35        | -52.52      | 0.47        | 79.00       | 7.78        | 5.00        | 50.00       | 200.00      | 2.00        | 0.00        | 1.00        | 1.00        | 200.00     
2025-12-10 22:12:57,746 | INFO | BotTrainer | Bot_6       | 0.35        | -57.14      | 0.49        | 123.00      | 23.09       | 5.00        | 8.00        | 50.00       | 2.00        | 0.00        | 1.50        | 1.50        | 50.00      
2025-12-10 22:12:57,747 | INFO | BotTrainer | Bot_49      | 0.35        | -81.40      | 0.46        | 98.00       | 16.95       | 5.00        | 21.00       | 200.00      | 2.00        | 0.00        | 1.00        | 1.00        | 200.00     
2025-12-10 22:12:57,747 | INFO | BotTrainer | Bot_46      | 0.35        | -108.95     | 0.45        | 107.00      | 18.68       | 5.00        | 21.00       | 150.00      | 2.00        | 0.00        | 1.00        | 1.00        | 150.00     
2025-12-10 22:12:57,747 | INFO | BotTrainer | Bot_51      | 0.35        | -7.17       | 0.50        | 64.00       | 11.96       | 5.00        | 21.00       | 200.00      | 2.00        | 0.00        | 1.50        | 1.50        | 200.00     
2025-12-10 22:12:57,748 | INFO | BotTrainer | Bot_21      | 0.34        | -58.63      | 0.49        | 137.00      | 29.70       | 5.00        | 14.00       | 21.00       | 2.00        | 0.00        | 1.50        | 1.50        | 21.00      
2025-12-10 22:12:57,748 | INFO | BotTrainer | Bot_55      | 0.34        | -169.57     | 0.42        | 116.00      | 21.96       | 5.00        | 50.00       | 100.00      | 2.00        | 0.00        | 1.00        | 1.00        | 100.00     
2025-12-10 22:12:57,748 | INFO | BotTrainer | Bot_3       | 0.33        | -166.02     | 0.46        | 147.00      | 34.02       | 5.00        | 8.00        | 21.00       | 2.00        | 0.00        | 1.50        | 1.50        | 21.00      
2025-12-10 22:12:57,749 | INFO | BotTrainer | Bot_36      | 0.33        | -79.02      | 0.46        | 65.00       | 17.06       | 5.00        | 14.00       | 200.00      | 2.00        | 0.00        | 1.50        | 1.50        | 200.00     
2025-12-10 22:12:57,749 | INFO | BotTrainer | Bot_17      | 0.33        | -36.57      | 0.39        | 98.00       | 19.15       | 5.00        | 8.00        | 200.00      | 2.00        | 0.00        | 1.50        | 1.00        | 200.00     
2025-12-10 22:12:57,749 | INFO | BotTrainer | Bot_63      | 0.33        | 39.58       | 0.53        | 55.00       | 4.78        | 4.00        | 50.00       | 200.00      | 2.00        | 0.00        | 1.50        | 1.50        | 200.00     
2025-12-10 22:12:57,750 | INFO | BotTrainer | Bot_10      | 0.33        | -45.72      | 0.49        | 136.00      | 17.05       | 4.00        | 8.00        | 100.00      | 2.00        | 0.00        | 1.00        | 1.00        | 100.00     
2025-12-10 22:12:57,751 | INFO | BotTrainer | Bot_18      | 0.33        | -106.85     | 0.45        | 71.00       | 21.01       | 5.00        | 8.00        | 200.00      | 2.00        | 0.00        | 1.50        | 1.50        | 200.00     
2025-12-10 22:12:57,751 | INFO | BotTrainer | Bot_8       | 0.33        | -125.77     | 0.36        | 130.00      | 19.59       | 5.00        | 8.00        | 75.00       | 2.00        | 0.00        | 1.50        | 1.00        | 75.00      
2025-12-10 22:12:57,752 | INFO | BotTrainer | Bot_60      | 0.33        | 37.94       | 0.52        | 69.00       | 14.55       | 4.00        | 50.00       | 150.00      | 2.00        | 0.00        | 1.50        | 1.50        | 150.00     
2025-12-10 22:12:57,753 | INFO | BotTrainer | Bot_23      | 0.32        | 39.81       | 0.41        | 145.00      | 11.38       | 4.00        | 14.00       | 50.00       | 2.00        | 0.00        | 1.50        | 1.00        | 50.00      
2025-12-10 22:12:57,754 | INFO | BotTrainer | Bot_35      | 0.32        | -87.18      | 0.36        | 86.00       | 19.43       | 5.00        | 14.00       | 200.00      | 2.00        | 0.00        | 1.50        | 1.00        | 200.00     
2025-12-10 22:12:57,754 | INFO | BotTrainer | Bot_38      | 0.32        | -155.83     | 0.35        | 131.00      | 24.76       | 5.00        | 21.00       | 50.00       | 2.00        | 0.00        | 1.50        | 1.00        | 50.00      
2025-12-10 22:12:57,755 | INFO | BotTrainer | Bot_44      | 0.32        | -150.15     | 0.34        | 108.00      | 24.04       | 5.00        | 21.00       | 100.00      | 2.00        | 0.00        | 1.50        | 1.00        | 100.00     
2025-12-10 22:12:57,756 | INFO | BotTrainer | Bot_59      | 0.32        | 8.19        | 0.41        | 91.00       | 11.30       | 4.00        | 50.00       | 150.00      | 2.00        | 0.00        | 1.50        | 1.00        | 150.00     
2025-12-10 22:12:57,756 | INFO | BotTrainer | Bot_2       | 0.31        | -48.00      | 0.39        | 191.00      | 22.15       | 4.00        | 8.00        | 21.00       | 2.00        | 0.00        | 1.50        | 1.00        | 21.00      
2025-12-10 22:12:57,757 | INFO | BotTrainer | Bot_11      | 0.30        | -93.96      | 0.37        | 119.00      | 19.40       | 4.00        | 8.00        | 100.00      | 2.00        | 0.00        | 1.50        | 1.00        | 100.00     
2025-12-10 22:12:57,758 | INFO | BotTrainer | Bot_47      | 0.30        | -83.44      | 0.37        | 98.00       | 18.45       | 4.00        | 21.00       | 150.00      | 2.00        | 0.00        | 1.50        | 1.00        | 150.00     
2025-12-10 22:12:57,758 | INFO | BotTrainer | Bot_32      | 0.30        | -69.35      | 0.37        | 94.00       | 20.47       | 4.00        | 14.00       | 150.00      | 2.00        | 0.00        | 1.50        | 1.00        | 150.00     
2025-12-10 22:12:57,759 | INFO | BotTrainer | Bot_5       | 0.30        | -113.98     | 0.37        | 151.00      | 25.00       | 4.00        | 8.00        | 50.00       | 2.00        | 0.00        | 1.50        | 1.00        | 50.00      
2025-12-10 22:12:57,760 | INFO | BotTrainer | Bot_50      | 0.30        | -110.00     | 0.35        | 91.00       | 19.84       | 4.00        | 21.00       | 200.00      | 2.00        | 0.00        | 1.50        | 1.00        | 200.00     
2025-12-10 22:12:57,761 | INFO | BotTrainer | Bot_20      | 0.29        | -115.64     | 0.38        | 176.00      | 30.00       | 4.00        | 14.00       | 21.00       | 2.00        | 0.00        | 1.50        | 1.00        | 21.00      
2025-12-10 22:12:57,762 | INFO | BotTrainer | Bot_41      | 0.29        | -150.78     | 0.35        | 118.00      | 26.81       | 4.00        | 21.00       | 75.00       | 2.00        | 0.00        | 1.50        | 1.00        | 75.00      
2025-12-10 22:12:57,763 | INFO | BotTrainer | Bot_53      | 0.29        | 1.83        | 0.40        | 109.00      | 14.27       | 3.00        | 50.00       | 75.00       | 2.00        | 0.00        | 1.50        | 1.00        | 75.00      
2025-12-10 22:12:57,763 | INFO | BotTrainer | Bot_29      | 0.29        | -163.33     | 0.34        | 117.00      | 27.18       | 4.00        | 14.00       | 100.00      | 2.00        | 0.00        | 1.50        | 1.00        | 100.00     
2025-12-10 22:12:57,764 | INFO | BotTrainer | Bot_14      | 0.29        | -31.89      | 0.39        | 100.00      | 16.50       | 3.00        | 8.00        | 150.00      | 2.00        | 0.00        | 1.50        | 1.00        | 150.00     
2025-12-10 22:12:57,764 | INFO | BotTrainer | Bot_62      | 0.28        | -30.08      | 0.39        | 75.00       | 8.66        | 3.00        | 50.00       | 200.00      | 2.00        | 0.00        | 1.50        | 1.00        | 200.00     
2025-12-10 22:12:57,765 | INFO | BotTrainer | Bot_56      | 0.28        | -124.46     | 0.35        | 110.00      | 20.17       | 3.00        | 50.00       | 100.00      | 2.00        | 0.00        | 1.50        | 1.00        | 100.00     
2025-12-10 22:12:57,766 | INFO | BotTrainer | Bot_26      | 0.25        | -272.88     | 0.30        | 126.00      | 31.35       | 3.00        | 14.00       | 75.00       | 2.00        | 0.00        | 1.50        | 1.00        | 75.00      
2025-12-10 22:12:57,766 | INFO | BotTrainer | Terminé !